{
 "cells": [
  {
   "cell_type": "code",
   "execution_count": 1,
   "metadata": {},
   "outputs": [],
   "source": [
    "import pandas as pd\n",
    "import numpy as np\n",
    "import matplotlib.pyplot as plt\n",
    "import seaborn as sb\n",
    "from sklearn.preprocessing import MinMaxScaler, StandardScaler\n",
    "from sklearn.preprocessing import PolynomialFeatures\n",
    "from sklearn.metrics import mean_squared_error, r2_score\n",
    "from sklearn.linear_model import LinearRegression\n",
    "reg = LinearRegression()"
   ]
  },
  {
   "cell_type": "markdown",
   "metadata": {},
   "source": [
    "# Preprocessing\n",
    "\n",
    "- Preprocessing is a process of making file sutable for the Machine Learning Process.\n",
    "- Which includes,\n",
    "  - Droping the Unwanted columns,\n",
    "  - Handeling NaN Values,\n",
    "  - Handeling Data type of the element in the column,\n",
    "  - Re-ordering of Index,\n",
    "  - Lable Encoding,\n",
    "  - Normalization,\n",
    "  - Test and Train Split."
   ]
  },
  {
   "cell_type": "code",
   "execution_count": 2,
   "metadata": {},
   "outputs": [],
   "source": [
    "df_train = pd.read_csv(\"Boston_Train.csv\")\n",
    "df_test = pd.read_csv(\"Boston_Test.csv\")"
   ]
  },
  {
   "cell_type": "code",
   "execution_count": 3,
   "metadata": {},
   "outputs": [
    {
     "data": {
      "text/html": [
       "<div>\n",
       "<style scoped>\n",
       "    .dataframe tbody tr th:only-of-type {\n",
       "        vertical-align: middle;\n",
       "    }\n",
       "\n",
       "    .dataframe tbody tr th {\n",
       "        vertical-align: top;\n",
       "    }\n",
       "\n",
       "    .dataframe thead th {\n",
       "        text-align: right;\n",
       "    }\n",
       "</style>\n",
       "<table border=\"1\" class=\"dataframe\">\n",
       "  <thead>\n",
       "    <tr style=\"text-align: right;\">\n",
       "      <th></th>\n",
       "      <th>Unnamed: 0</th>\n",
       "      <th>crim</th>\n",
       "      <th>zn</th>\n",
       "      <th>indus</th>\n",
       "      <th>chas</th>\n",
       "      <th>nox</th>\n",
       "      <th>rm</th>\n",
       "      <th>age</th>\n",
       "      <th>dis</th>\n",
       "      <th>rad</th>\n",
       "      <th>tax</th>\n",
       "      <th>ptratio</th>\n",
       "      <th>black</th>\n",
       "      <th>lstat</th>\n",
       "      <th>medv</th>\n",
       "    </tr>\n",
       "  </thead>\n",
       "  <tbody>\n",
       "    <tr>\n",
       "      <th>0</th>\n",
       "      <td>0</td>\n",
       "      <td>0.00632</td>\n",
       "      <td>18.0</td>\n",
       "      <td>2.31</td>\n",
       "      <td>0</td>\n",
       "      <td>0.538</td>\n",
       "      <td>6.575</td>\n",
       "      <td>65.2</td>\n",
       "      <td>4.0900</td>\n",
       "      <td>1</td>\n",
       "      <td>296</td>\n",
       "      <td>15.3</td>\n",
       "      <td>396.90</td>\n",
       "      <td>4.98</td>\n",
       "      <td>24.0</td>\n",
       "    </tr>\n",
       "    <tr>\n",
       "      <th>1</th>\n",
       "      <td>1</td>\n",
       "      <td>0.02731</td>\n",
       "      <td>0.0</td>\n",
       "      <td>7.07</td>\n",
       "      <td>0</td>\n",
       "      <td>0.469</td>\n",
       "      <td>6.421</td>\n",
       "      <td>78.9</td>\n",
       "      <td>4.9671</td>\n",
       "      <td>2</td>\n",
       "      <td>242</td>\n",
       "      <td>17.8</td>\n",
       "      <td>396.90</td>\n",
       "      <td>9.14</td>\n",
       "      <td>21.6</td>\n",
       "    </tr>\n",
       "    <tr>\n",
       "      <th>2</th>\n",
       "      <td>2</td>\n",
       "      <td>0.02729</td>\n",
       "      <td>0.0</td>\n",
       "      <td>7.07</td>\n",
       "      <td>0</td>\n",
       "      <td>0.469</td>\n",
       "      <td>7.185</td>\n",
       "      <td>61.1</td>\n",
       "      <td>4.9671</td>\n",
       "      <td>2</td>\n",
       "      <td>242</td>\n",
       "      <td>17.8</td>\n",
       "      <td>392.83</td>\n",
       "      <td>4.03</td>\n",
       "      <td>34.7</td>\n",
       "    </tr>\n",
       "    <tr>\n",
       "      <th>3</th>\n",
       "      <td>3</td>\n",
       "      <td>0.03237</td>\n",
       "      <td>0.0</td>\n",
       "      <td>2.18</td>\n",
       "      <td>0</td>\n",
       "      <td>0.458</td>\n",
       "      <td>6.998</td>\n",
       "      <td>45.8</td>\n",
       "      <td>6.0622</td>\n",
       "      <td>3</td>\n",
       "      <td>222</td>\n",
       "      <td>18.7</td>\n",
       "      <td>394.63</td>\n",
       "      <td>2.94</td>\n",
       "      <td>33.4</td>\n",
       "    </tr>\n",
       "    <tr>\n",
       "      <th>4</th>\n",
       "      <td>4</td>\n",
       "      <td>0.06905</td>\n",
       "      <td>0.0</td>\n",
       "      <td>2.18</td>\n",
       "      <td>0</td>\n",
       "      <td>0.458</td>\n",
       "      <td>7.147</td>\n",
       "      <td>54.2</td>\n",
       "      <td>6.0622</td>\n",
       "      <td>3</td>\n",
       "      <td>222</td>\n",
       "      <td>18.7</td>\n",
       "      <td>396.90</td>\n",
       "      <td>5.33</td>\n",
       "      <td>36.2</td>\n",
       "    </tr>\n",
       "    <tr>\n",
       "      <th>...</th>\n",
       "      <td>...</td>\n",
       "      <td>...</td>\n",
       "      <td>...</td>\n",
       "      <td>...</td>\n",
       "      <td>...</td>\n",
       "      <td>...</td>\n",
       "      <td>...</td>\n",
       "      <td>...</td>\n",
       "      <td>...</td>\n",
       "      <td>...</td>\n",
       "      <td>...</td>\n",
       "      <td>...</td>\n",
       "      <td>...</td>\n",
       "      <td>...</td>\n",
       "      <td>...</td>\n",
       "    </tr>\n",
       "    <tr>\n",
       "      <th>346</th>\n",
       "      <td>346</td>\n",
       "      <td>0.06162</td>\n",
       "      <td>0.0</td>\n",
       "      <td>4.39</td>\n",
       "      <td>0</td>\n",
       "      <td>0.442</td>\n",
       "      <td>5.898</td>\n",
       "      <td>52.3</td>\n",
       "      <td>8.0136</td>\n",
       "      <td>3</td>\n",
       "      <td>352</td>\n",
       "      <td>18.8</td>\n",
       "      <td>364.61</td>\n",
       "      <td>12.67</td>\n",
       "      <td>17.2</td>\n",
       "    </tr>\n",
       "    <tr>\n",
       "      <th>347</th>\n",
       "      <td>347</td>\n",
       "      <td>0.01870</td>\n",
       "      <td>85.0</td>\n",
       "      <td>4.15</td>\n",
       "      <td>0</td>\n",
       "      <td>0.429</td>\n",
       "      <td>6.516</td>\n",
       "      <td>27.7</td>\n",
       "      <td>8.5353</td>\n",
       "      <td>4</td>\n",
       "      <td>351</td>\n",
       "      <td>17.9</td>\n",
       "      <td>392.43</td>\n",
       "      <td>6.36</td>\n",
       "      <td>23.1</td>\n",
       "    </tr>\n",
       "    <tr>\n",
       "      <th>348</th>\n",
       "      <td>348</td>\n",
       "      <td>0.01501</td>\n",
       "      <td>80.0</td>\n",
       "      <td>2.01</td>\n",
       "      <td>0</td>\n",
       "      <td>0.435</td>\n",
       "      <td>6.635</td>\n",
       "      <td>29.7</td>\n",
       "      <td>8.3440</td>\n",
       "      <td>4</td>\n",
       "      <td>280</td>\n",
       "      <td>17.0</td>\n",
       "      <td>390.94</td>\n",
       "      <td>5.99</td>\n",
       "      <td>24.5</td>\n",
       "    </tr>\n",
       "    <tr>\n",
       "      <th>349</th>\n",
       "      <td>349</td>\n",
       "      <td>0.02899</td>\n",
       "      <td>40.0</td>\n",
       "      <td>1.25</td>\n",
       "      <td>0</td>\n",
       "      <td>0.429</td>\n",
       "      <td>6.939</td>\n",
       "      <td>34.5</td>\n",
       "      <td>8.7921</td>\n",
       "      <td>1</td>\n",
       "      <td>335</td>\n",
       "      <td>19.7</td>\n",
       "      <td>389.85</td>\n",
       "      <td>5.89</td>\n",
       "      <td>26.6</td>\n",
       "    </tr>\n",
       "    <tr>\n",
       "      <th>350</th>\n",
       "      <td>350</td>\n",
       "      <td>0.06211</td>\n",
       "      <td>40.0</td>\n",
       "      <td>1.25</td>\n",
       "      <td>0</td>\n",
       "      <td>0.429</td>\n",
       "      <td>6.490</td>\n",
       "      <td>44.4</td>\n",
       "      <td>8.7921</td>\n",
       "      <td>1</td>\n",
       "      <td>335</td>\n",
       "      <td>19.7</td>\n",
       "      <td>396.90</td>\n",
       "      <td>5.98</td>\n",
       "      <td>22.9</td>\n",
       "    </tr>\n",
       "  </tbody>\n",
       "</table>\n",
       "<p>351 rows × 15 columns</p>\n",
       "</div>"
      ],
      "text/plain": [
       "     Unnamed: 0     crim    zn  indus  chas    nox     rm   age     dis  rad  \\\n",
       "0             0  0.00632  18.0   2.31     0  0.538  6.575  65.2  4.0900    1   \n",
       "1             1  0.02731   0.0   7.07     0  0.469  6.421  78.9  4.9671    2   \n",
       "2             2  0.02729   0.0   7.07     0  0.469  7.185  61.1  4.9671    2   \n",
       "3             3  0.03237   0.0   2.18     0  0.458  6.998  45.8  6.0622    3   \n",
       "4             4  0.06905   0.0   2.18     0  0.458  7.147  54.2  6.0622    3   \n",
       "..          ...      ...   ...    ...   ...    ...    ...   ...     ...  ...   \n",
       "346         346  0.06162   0.0   4.39     0  0.442  5.898  52.3  8.0136    3   \n",
       "347         347  0.01870  85.0   4.15     0  0.429  6.516  27.7  8.5353    4   \n",
       "348         348  0.01501  80.0   2.01     0  0.435  6.635  29.7  8.3440    4   \n",
       "349         349  0.02899  40.0   1.25     0  0.429  6.939  34.5  8.7921    1   \n",
       "350         350  0.06211  40.0   1.25     0  0.429  6.490  44.4  8.7921    1   \n",
       "\n",
       "     tax  ptratio   black  lstat  medv  \n",
       "0    296     15.3  396.90   4.98  24.0  \n",
       "1    242     17.8  396.90   9.14  21.6  \n",
       "2    242     17.8  392.83   4.03  34.7  \n",
       "3    222     18.7  394.63   2.94  33.4  \n",
       "4    222     18.7  396.90   5.33  36.2  \n",
       "..   ...      ...     ...    ...   ...  \n",
       "346  352     18.8  364.61  12.67  17.2  \n",
       "347  351     17.9  392.43   6.36  23.1  \n",
       "348  280     17.0  390.94   5.99  24.5  \n",
       "349  335     19.7  389.85   5.89  26.6  \n",
       "350  335     19.7  396.90   5.98  22.9  \n",
       "\n",
       "[351 rows x 15 columns]"
      ]
     },
     "execution_count": 3,
     "metadata": {},
     "output_type": "execute_result"
    }
   ],
   "source": [
    "df_train"
   ]
  },
  {
   "cell_type": "code",
   "execution_count": 4,
   "metadata": {},
   "outputs": [
    {
     "data": {
      "text/html": [
       "<div>\n",
       "<style scoped>\n",
       "    .dataframe tbody tr th:only-of-type {\n",
       "        vertical-align: middle;\n",
       "    }\n",
       "\n",
       "    .dataframe tbody tr th {\n",
       "        vertical-align: top;\n",
       "    }\n",
       "\n",
       "    .dataframe thead th {\n",
       "        text-align: right;\n",
       "    }\n",
       "</style>\n",
       "<table border=\"1\" class=\"dataframe\">\n",
       "  <thead>\n",
       "    <tr style=\"text-align: right;\">\n",
       "      <th></th>\n",
       "      <th>Unnamed: 0</th>\n",
       "      <th>crim</th>\n",
       "      <th>zn</th>\n",
       "      <th>indus</th>\n",
       "      <th>chas</th>\n",
       "      <th>nox</th>\n",
       "      <th>rm</th>\n",
       "      <th>age</th>\n",
       "      <th>dis</th>\n",
       "      <th>rad</th>\n",
       "      <th>tax</th>\n",
       "      <th>ptratio</th>\n",
       "      <th>black</th>\n",
       "      <th>lstat</th>\n",
       "      <th>medv</th>\n",
       "    </tr>\n",
       "  </thead>\n",
       "  <tbody>\n",
       "    <tr>\n",
       "      <th>0</th>\n",
       "      <td>351</td>\n",
       "      <td>0.07950</td>\n",
       "      <td>60</td>\n",
       "      <td>1.69</td>\n",
       "      <td>0</td>\n",
       "      <td>0.411</td>\n",
       "      <td>6.579</td>\n",
       "      <td>35.9</td>\n",
       "      <td>10.7103</td>\n",
       "      <td>4</td>\n",
       "      <td>411</td>\n",
       "      <td>18.3</td>\n",
       "      <td>370.78</td>\n",
       "      <td>5.49</td>\n",
       "      <td>24.1</td>\n",
       "    </tr>\n",
       "    <tr>\n",
       "      <th>1</th>\n",
       "      <td>352</td>\n",
       "      <td>0.07244</td>\n",
       "      <td>60</td>\n",
       "      <td>1.69</td>\n",
       "      <td>0</td>\n",
       "      <td>0.411</td>\n",
       "      <td>5.884</td>\n",
       "      <td>18.5</td>\n",
       "      <td>10.7103</td>\n",
       "      <td>4</td>\n",
       "      <td>411</td>\n",
       "      <td>18.3</td>\n",
       "      <td>392.33</td>\n",
       "      <td>7.79</td>\n",
       "      <td>18.6</td>\n",
       "    </tr>\n",
       "    <tr>\n",
       "      <th>2</th>\n",
       "      <td>353</td>\n",
       "      <td>0.01709</td>\n",
       "      <td>90</td>\n",
       "      <td>2.02</td>\n",
       "      <td>0</td>\n",
       "      <td>0.410</td>\n",
       "      <td>6.728</td>\n",
       "      <td>36.1</td>\n",
       "      <td>12.1265</td>\n",
       "      <td>5</td>\n",
       "      <td>187</td>\n",
       "      <td>17.0</td>\n",
       "      <td>384.46</td>\n",
       "      <td>4.50</td>\n",
       "      <td>30.1</td>\n",
       "    </tr>\n",
       "    <tr>\n",
       "      <th>3</th>\n",
       "      <td>354</td>\n",
       "      <td>0.04301</td>\n",
       "      <td>80</td>\n",
       "      <td>1.91</td>\n",
       "      <td>0</td>\n",
       "      <td>0.413</td>\n",
       "      <td>5.663</td>\n",
       "      <td>21.9</td>\n",
       "      <td>10.5857</td>\n",
       "      <td>4</td>\n",
       "      <td>334</td>\n",
       "      <td>22.0</td>\n",
       "      <td>382.80</td>\n",
       "      <td>8.05</td>\n",
       "      <td>18.2</td>\n",
       "    </tr>\n",
       "    <tr>\n",
       "      <th>4</th>\n",
       "      <td>355</td>\n",
       "      <td>0.10659</td>\n",
       "      <td>80</td>\n",
       "      <td>1.91</td>\n",
       "      <td>0</td>\n",
       "      <td>0.413</td>\n",
       "      <td>5.936</td>\n",
       "      <td>19.5</td>\n",
       "      <td>10.5857</td>\n",
       "      <td>4</td>\n",
       "      <td>334</td>\n",
       "      <td>22.0</td>\n",
       "      <td>376.04</td>\n",
       "      <td>5.57</td>\n",
       "      <td>20.6</td>\n",
       "    </tr>\n",
       "    <tr>\n",
       "      <th>...</th>\n",
       "      <td>...</td>\n",
       "      <td>...</td>\n",
       "      <td>...</td>\n",
       "      <td>...</td>\n",
       "      <td>...</td>\n",
       "      <td>...</td>\n",
       "      <td>...</td>\n",
       "      <td>...</td>\n",
       "      <td>...</td>\n",
       "      <td>...</td>\n",
       "      <td>...</td>\n",
       "      <td>...</td>\n",
       "      <td>...</td>\n",
       "      <td>...</td>\n",
       "      <td>...</td>\n",
       "    </tr>\n",
       "    <tr>\n",
       "      <th>150</th>\n",
       "      <td>501</td>\n",
       "      <td>0.06263</td>\n",
       "      <td>0</td>\n",
       "      <td>11.93</td>\n",
       "      <td>0</td>\n",
       "      <td>0.573</td>\n",
       "      <td>6.593</td>\n",
       "      <td>69.1</td>\n",
       "      <td>2.4786</td>\n",
       "      <td>1</td>\n",
       "      <td>273</td>\n",
       "      <td>21.0</td>\n",
       "      <td>391.99</td>\n",
       "      <td>9.67</td>\n",
       "      <td>22.4</td>\n",
       "    </tr>\n",
       "    <tr>\n",
       "      <th>151</th>\n",
       "      <td>502</td>\n",
       "      <td>0.04527</td>\n",
       "      <td>0</td>\n",
       "      <td>11.93</td>\n",
       "      <td>0</td>\n",
       "      <td>0.573</td>\n",
       "      <td>6.120</td>\n",
       "      <td>76.7</td>\n",
       "      <td>2.2875</td>\n",
       "      <td>1</td>\n",
       "      <td>273</td>\n",
       "      <td>21.0</td>\n",
       "      <td>396.90</td>\n",
       "      <td>9.08</td>\n",
       "      <td>20.6</td>\n",
       "    </tr>\n",
       "    <tr>\n",
       "      <th>152</th>\n",
       "      <td>503</td>\n",
       "      <td>0.06076</td>\n",
       "      <td>0</td>\n",
       "      <td>11.93</td>\n",
       "      <td>0</td>\n",
       "      <td>0.573</td>\n",
       "      <td>6.976</td>\n",
       "      <td>91.0</td>\n",
       "      <td>2.1675</td>\n",
       "      <td>1</td>\n",
       "      <td>273</td>\n",
       "      <td>21.0</td>\n",
       "      <td>396.90</td>\n",
       "      <td>5.64</td>\n",
       "      <td>23.9</td>\n",
       "    </tr>\n",
       "    <tr>\n",
       "      <th>153</th>\n",
       "      <td>504</td>\n",
       "      <td>0.10959</td>\n",
       "      <td>0</td>\n",
       "      <td>11.93</td>\n",
       "      <td>0</td>\n",
       "      <td>0.573</td>\n",
       "      <td>6.794</td>\n",
       "      <td>89.3</td>\n",
       "      <td>2.3889</td>\n",
       "      <td>1</td>\n",
       "      <td>273</td>\n",
       "      <td>21.0</td>\n",
       "      <td>393.45</td>\n",
       "      <td>6.48</td>\n",
       "      <td>22.0</td>\n",
       "    </tr>\n",
       "    <tr>\n",
       "      <th>154</th>\n",
       "      <td>505</td>\n",
       "      <td>0.04741</td>\n",
       "      <td>0</td>\n",
       "      <td>11.93</td>\n",
       "      <td>0</td>\n",
       "      <td>0.573</td>\n",
       "      <td>6.030</td>\n",
       "      <td>80.8</td>\n",
       "      <td>2.5050</td>\n",
       "      <td>1</td>\n",
       "      <td>273</td>\n",
       "      <td>21.0</td>\n",
       "      <td>396.90</td>\n",
       "      <td>7.88</td>\n",
       "      <td>11.9</td>\n",
       "    </tr>\n",
       "  </tbody>\n",
       "</table>\n",
       "<p>155 rows × 15 columns</p>\n",
       "</div>"
      ],
      "text/plain": [
       "     Unnamed: 0     crim  zn  indus  chas    nox     rm   age      dis  rad  \\\n",
       "0           351  0.07950  60   1.69     0  0.411  6.579  35.9  10.7103    4   \n",
       "1           352  0.07244  60   1.69     0  0.411  5.884  18.5  10.7103    4   \n",
       "2           353  0.01709  90   2.02     0  0.410  6.728  36.1  12.1265    5   \n",
       "3           354  0.04301  80   1.91     0  0.413  5.663  21.9  10.5857    4   \n",
       "4           355  0.10659  80   1.91     0  0.413  5.936  19.5  10.5857    4   \n",
       "..          ...      ...  ..    ...   ...    ...    ...   ...      ...  ...   \n",
       "150         501  0.06263   0  11.93     0  0.573  6.593  69.1   2.4786    1   \n",
       "151         502  0.04527   0  11.93     0  0.573  6.120  76.7   2.2875    1   \n",
       "152         503  0.06076   0  11.93     0  0.573  6.976  91.0   2.1675    1   \n",
       "153         504  0.10959   0  11.93     0  0.573  6.794  89.3   2.3889    1   \n",
       "154         505  0.04741   0  11.93     0  0.573  6.030  80.8   2.5050    1   \n",
       "\n",
       "     tax  ptratio   black  lstat  medv  \n",
       "0    411     18.3  370.78   5.49  24.1  \n",
       "1    411     18.3  392.33   7.79  18.6  \n",
       "2    187     17.0  384.46   4.50  30.1  \n",
       "3    334     22.0  382.80   8.05  18.2  \n",
       "4    334     22.0  376.04   5.57  20.6  \n",
       "..   ...      ...     ...    ...   ...  \n",
       "150  273     21.0  391.99   9.67  22.4  \n",
       "151  273     21.0  396.90   9.08  20.6  \n",
       "152  273     21.0  396.90   5.64  23.9  \n",
       "153  273     21.0  393.45   6.48  22.0  \n",
       "154  273     21.0  396.90   7.88  11.9  \n",
       "\n",
       "[155 rows x 15 columns]"
      ]
     },
     "execution_count": 4,
     "metadata": {},
     "output_type": "execute_result"
    }
   ],
   "source": [
    "df_test"
   ]
  },
  {
   "cell_type": "code",
   "execution_count": 5,
   "metadata": {},
   "outputs": [],
   "source": [
    "df_train.drop(\"Unnamed: 0\", axis = 1, inplace = True) \n",
    "df_test.drop(\"Unnamed: 0\", axis = 1, inplace = True) "
   ]
  },
  {
   "cell_type": "code",
   "execution_count": 6,
   "metadata": {},
   "outputs": [
    {
     "name": "stdout",
     "output_type": "stream",
     "text": [
      "<class 'pandas.core.frame.DataFrame'>\n",
      "RangeIndex: 351 entries, 0 to 350\n",
      "Data columns (total 14 columns):\n",
      " #   Column   Non-Null Count  Dtype  \n",
      "---  ------   --------------  -----  \n",
      " 0   crim     351 non-null    float64\n",
      " 1   zn       351 non-null    float64\n",
      " 2   indus    351 non-null    float64\n",
      " 3   chas     351 non-null    int64  \n",
      " 4   nox      351 non-null    float64\n",
      " 5   rm       351 non-null    float64\n",
      " 6   age      351 non-null    float64\n",
      " 7   dis      351 non-null    float64\n",
      " 8   rad      351 non-null    int64  \n",
      " 9   tax      351 non-null    int64  \n",
      " 10  ptratio  351 non-null    float64\n",
      " 11  black    351 non-null    float64\n",
      " 12  lstat    351 non-null    float64\n",
      " 13  medv     351 non-null    float64\n",
      "dtypes: float64(11), int64(3)\n",
      "memory usage: 38.5 KB\n"
     ]
    }
   ],
   "source": [
    "df_train.info()"
   ]
  },
  {
   "cell_type": "code",
   "execution_count": 7,
   "metadata": {
    "scrolled": true
   },
   "outputs": [
    {
     "name": "stdout",
     "output_type": "stream",
     "text": [
      "<class 'pandas.core.frame.DataFrame'>\n",
      "RangeIndex: 155 entries, 0 to 154\n",
      "Data columns (total 14 columns):\n",
      " #   Column   Non-Null Count  Dtype  \n",
      "---  ------   --------------  -----  \n",
      " 0   crim     155 non-null    float64\n",
      " 1   zn       155 non-null    int64  \n",
      " 2   indus    155 non-null    float64\n",
      " 3   chas     155 non-null    int64  \n",
      " 4   nox      155 non-null    float64\n",
      " 5   rm       155 non-null    float64\n",
      " 6   age      155 non-null    float64\n",
      " 7   dis      155 non-null    float64\n",
      " 8   rad      155 non-null    int64  \n",
      " 9   tax      155 non-null    int64  \n",
      " 10  ptratio  155 non-null    float64\n",
      " 11  black    155 non-null    float64\n",
      " 12  lstat    155 non-null    float64\n",
      " 13  medv     155 non-null    float64\n",
      "dtypes: float64(10), int64(4)\n",
      "memory usage: 17.1 KB\n"
     ]
    }
   ],
   "source": [
    "df_test.info()"
   ]
  },
  {
   "cell_type": "markdown",
   "metadata": {},
   "source": [
    "# Exploratory Data Analysis (EDA)\n",
    "\n",
    "It is used to look at the relation between data and choose the column with good relation with the output data."
   ]
  },
  {
   "cell_type": "code",
   "execution_count": 8,
   "metadata": {},
   "outputs": [
    {
     "data": {
      "text/html": [
       "<div>\n",
       "<style scoped>\n",
       "    .dataframe tbody tr th:only-of-type {\n",
       "        vertical-align: middle;\n",
       "    }\n",
       "\n",
       "    .dataframe tbody tr th {\n",
       "        vertical-align: top;\n",
       "    }\n",
       "\n",
       "    .dataframe thead th {\n",
       "        text-align: right;\n",
       "    }\n",
       "</style>\n",
       "<table border=\"1\" class=\"dataframe\">\n",
       "  <thead>\n",
       "    <tr style=\"text-align: right;\">\n",
       "      <th></th>\n",
       "      <th>crim</th>\n",
       "      <th>zn</th>\n",
       "      <th>indus</th>\n",
       "      <th>chas</th>\n",
       "      <th>nox</th>\n",
       "      <th>rm</th>\n",
       "      <th>age</th>\n",
       "      <th>dis</th>\n",
       "      <th>rad</th>\n",
       "      <th>tax</th>\n",
       "      <th>ptratio</th>\n",
       "      <th>black</th>\n",
       "      <th>lstat</th>\n",
       "      <th>medv</th>\n",
       "    </tr>\n",
       "  </thead>\n",
       "  <tbody>\n",
       "    <tr>\n",
       "      <th>crim</th>\n",
       "      <td>1.000000</td>\n",
       "      <td>-0.298187</td>\n",
       "      <td>0.557235</td>\n",
       "      <td>0.129417</td>\n",
       "      <td>0.773321</td>\n",
       "      <td>-0.232369</td>\n",
       "      <td>0.487005</td>\n",
       "      <td>-0.490656</td>\n",
       "      <td>0.140519</td>\n",
       "      <td>0.406203</td>\n",
       "      <td>-0.222599</td>\n",
       "      <td>-0.522173</td>\n",
       "      <td>0.406877</td>\n",
       "      <td>-0.194024</td>\n",
       "    </tr>\n",
       "    <tr>\n",
       "      <th>zn</th>\n",
       "      <td>-0.298187</td>\n",
       "      <td>1.000000</td>\n",
       "      <td>-0.461280</td>\n",
       "      <td>-0.060150</td>\n",
       "      <td>-0.453540</td>\n",
       "      <td>0.327331</td>\n",
       "      <td>-0.516954</td>\n",
       "      <td>0.592013</td>\n",
       "      <td>-0.187620</td>\n",
       "      <td>-0.109459</td>\n",
       "      <td>-0.323917</td>\n",
       "      <td>0.141986</td>\n",
       "      <td>-0.384008</td>\n",
       "      <td>0.334885</td>\n",
       "    </tr>\n",
       "    <tr>\n",
       "      <th>indus</th>\n",
       "      <td>0.557235</td>\n",
       "      <td>-0.461280</td>\n",
       "      <td>1.000000</td>\n",
       "      <td>0.127674</td>\n",
       "      <td>0.669111</td>\n",
       "      <td>-0.384208</td>\n",
       "      <td>0.525184</td>\n",
       "      <td>-0.594800</td>\n",
       "      <td>0.018118</td>\n",
       "      <td>0.437328</td>\n",
       "      <td>0.101026</td>\n",
       "      <td>-0.311502</td>\n",
       "      <td>0.512586</td>\n",
       "      <td>-0.365981</td>\n",
       "    </tr>\n",
       "    <tr>\n",
       "      <th>chas</th>\n",
       "      <td>0.129417</td>\n",
       "      <td>-0.060150</td>\n",
       "      <td>0.127674</td>\n",
       "      <td>1.000000</td>\n",
       "      <td>0.131093</td>\n",
       "      <td>0.037826</td>\n",
       "      <td>0.129274</td>\n",
       "      <td>-0.153217</td>\n",
       "      <td>0.087686</td>\n",
       "      <td>-0.029835</td>\n",
       "      <td>-0.133981</td>\n",
       "      <td>-0.054426</td>\n",
       "      <td>0.062915</td>\n",
       "      <td>0.085798</td>\n",
       "    </tr>\n",
       "    <tr>\n",
       "      <th>nox</th>\n",
       "      <td>0.773321</td>\n",
       "      <td>-0.453540</td>\n",
       "      <td>0.669111</td>\n",
       "      <td>0.131093</td>\n",
       "      <td>1.000000</td>\n",
       "      <td>-0.262861</td>\n",
       "      <td>0.667044</td>\n",
       "      <td>-0.719072</td>\n",
       "      <td>0.138287</td>\n",
       "      <td>0.394700</td>\n",
       "      <td>-0.188388</td>\n",
       "      <td>-0.427552</td>\n",
       "      <td>0.488516</td>\n",
       "      <td>-0.247384</td>\n",
       "    </tr>\n",
       "    <tr>\n",
       "      <th>rm</th>\n",
       "      <td>-0.232369</td>\n",
       "      <td>0.327331</td>\n",
       "      <td>-0.384208</td>\n",
       "      <td>0.037826</td>\n",
       "      <td>-0.262861</td>\n",
       "      <td>1.000000</td>\n",
       "      <td>-0.179751</td>\n",
       "      <td>0.095919</td>\n",
       "      <td>0.094140</td>\n",
       "      <td>-0.204730</td>\n",
       "      <td>-0.328928</td>\n",
       "      <td>0.166340</td>\n",
       "      <td>-0.680006</td>\n",
       "      <td>0.894837</td>\n",
       "    </tr>\n",
       "    <tr>\n",
       "      <th>age</th>\n",
       "      <td>0.487005</td>\n",
       "      <td>-0.516954</td>\n",
       "      <td>0.525184</td>\n",
       "      <td>0.129274</td>\n",
       "      <td>0.667044</td>\n",
       "      <td>-0.179751</td>\n",
       "      <td>1.000000</td>\n",
       "      <td>-0.681234</td>\n",
       "      <td>0.126482</td>\n",
       "      <td>0.266733</td>\n",
       "      <td>0.049163</td>\n",
       "      <td>-0.229513</td>\n",
       "      <td>0.552882</td>\n",
       "      <td>-0.256284</td>\n",
       "    </tr>\n",
       "    <tr>\n",
       "      <th>dis</th>\n",
       "      <td>-0.490656</td>\n",
       "      <td>0.592013</td>\n",
       "      <td>-0.594800</td>\n",
       "      <td>-0.153217</td>\n",
       "      <td>-0.719072</td>\n",
       "      <td>0.095919</td>\n",
       "      <td>-0.681234</td>\n",
       "      <td>1.000000</td>\n",
       "      <td>-0.104500</td>\n",
       "      <td>-0.229837</td>\n",
       "      <td>0.023590</td>\n",
       "      <td>0.235331</td>\n",
       "      <td>-0.343134</td>\n",
       "      <td>0.047454</td>\n",
       "    </tr>\n",
       "    <tr>\n",
       "      <th>rad</th>\n",
       "      <td>0.140519</td>\n",
       "      <td>-0.187620</td>\n",
       "      <td>0.018118</td>\n",
       "      <td>0.087686</td>\n",
       "      <td>0.138287</td>\n",
       "      <td>0.094140</td>\n",
       "      <td>0.126482</td>\n",
       "      <td>-0.104500</td>\n",
       "      <td>1.000000</td>\n",
       "      <td>0.229822</td>\n",
       "      <td>-0.023634</td>\n",
       "      <td>-0.060212</td>\n",
       "      <td>-0.026626</td>\n",
       "      <td>0.066628</td>\n",
       "    </tr>\n",
       "    <tr>\n",
       "      <th>tax</th>\n",
       "      <td>0.406203</td>\n",
       "      <td>-0.109459</td>\n",
       "      <td>0.437328</td>\n",
       "      <td>-0.029835</td>\n",
       "      <td>0.394700</td>\n",
       "      <td>-0.204730</td>\n",
       "      <td>0.266733</td>\n",
       "      <td>-0.229837</td>\n",
       "      <td>0.229822</td>\n",
       "      <td>1.000000</td>\n",
       "      <td>-0.011439</td>\n",
       "      <td>-0.270342</td>\n",
       "      <td>0.240023</td>\n",
       "      <td>-0.286039</td>\n",
       "    </tr>\n",
       "    <tr>\n",
       "      <th>ptratio</th>\n",
       "      <td>-0.222599</td>\n",
       "      <td>-0.323917</td>\n",
       "      <td>0.101026</td>\n",
       "      <td>-0.133981</td>\n",
       "      <td>-0.188388</td>\n",
       "      <td>-0.328928</td>\n",
       "      <td>0.049163</td>\n",
       "      <td>0.023590</td>\n",
       "      <td>-0.023634</td>\n",
       "      <td>-0.011439</td>\n",
       "      <td>1.000000</td>\n",
       "      <td>0.109199</td>\n",
       "      <td>0.214381</td>\n",
       "      <td>-0.441516</td>\n",
       "    </tr>\n",
       "    <tr>\n",
       "      <th>black</th>\n",
       "      <td>-0.522173</td>\n",
       "      <td>0.141986</td>\n",
       "      <td>-0.311502</td>\n",
       "      <td>-0.054426</td>\n",
       "      <td>-0.427552</td>\n",
       "      <td>0.166340</td>\n",
       "      <td>-0.229513</td>\n",
       "      <td>0.235331</td>\n",
       "      <td>-0.060212</td>\n",
       "      <td>-0.270342</td>\n",
       "      <td>0.109199</td>\n",
       "      <td>1.000000</td>\n",
       "      <td>-0.228561</td>\n",
       "      <td>0.202029</td>\n",
       "    </tr>\n",
       "    <tr>\n",
       "      <th>lstat</th>\n",
       "      <td>0.406877</td>\n",
       "      <td>-0.384008</td>\n",
       "      <td>0.512586</td>\n",
       "      <td>0.062915</td>\n",
       "      <td>0.488516</td>\n",
       "      <td>-0.680006</td>\n",
       "      <td>0.552882</td>\n",
       "      <td>-0.343134</td>\n",
       "      <td>-0.026626</td>\n",
       "      <td>0.240023</td>\n",
       "      <td>0.214381</td>\n",
       "      <td>-0.228561</td>\n",
       "      <td>1.000000</td>\n",
       "      <td>-0.673181</td>\n",
       "    </tr>\n",
       "    <tr>\n",
       "      <th>medv</th>\n",
       "      <td>-0.194024</td>\n",
       "      <td>0.334885</td>\n",
       "      <td>-0.365981</td>\n",
       "      <td>0.085798</td>\n",
       "      <td>-0.247384</td>\n",
       "      <td>0.894837</td>\n",
       "      <td>-0.256284</td>\n",
       "      <td>0.047454</td>\n",
       "      <td>0.066628</td>\n",
       "      <td>-0.286039</td>\n",
       "      <td>-0.441516</td>\n",
       "      <td>0.202029</td>\n",
       "      <td>-0.673181</td>\n",
       "      <td>1.000000</td>\n",
       "    </tr>\n",
       "  </tbody>\n",
       "</table>\n",
       "</div>"
      ],
      "text/plain": [
       "             crim        zn     indus      chas       nox        rm       age  \\\n",
       "crim     1.000000 -0.298187  0.557235  0.129417  0.773321 -0.232369  0.487005   \n",
       "zn      -0.298187  1.000000 -0.461280 -0.060150 -0.453540  0.327331 -0.516954   \n",
       "indus    0.557235 -0.461280  1.000000  0.127674  0.669111 -0.384208  0.525184   \n",
       "chas     0.129417 -0.060150  0.127674  1.000000  0.131093  0.037826  0.129274   \n",
       "nox      0.773321 -0.453540  0.669111  0.131093  1.000000 -0.262861  0.667044   \n",
       "rm      -0.232369  0.327331 -0.384208  0.037826 -0.262861  1.000000 -0.179751   \n",
       "age      0.487005 -0.516954  0.525184  0.129274  0.667044 -0.179751  1.000000   \n",
       "dis     -0.490656  0.592013 -0.594800 -0.153217 -0.719072  0.095919 -0.681234   \n",
       "rad      0.140519 -0.187620  0.018118  0.087686  0.138287  0.094140  0.126482   \n",
       "tax      0.406203 -0.109459  0.437328 -0.029835  0.394700 -0.204730  0.266733   \n",
       "ptratio -0.222599 -0.323917  0.101026 -0.133981 -0.188388 -0.328928  0.049163   \n",
       "black   -0.522173  0.141986 -0.311502 -0.054426 -0.427552  0.166340 -0.229513   \n",
       "lstat    0.406877 -0.384008  0.512586  0.062915  0.488516 -0.680006  0.552882   \n",
       "medv    -0.194024  0.334885 -0.365981  0.085798 -0.247384  0.894837 -0.256284   \n",
       "\n",
       "              dis       rad       tax   ptratio     black     lstat      medv  \n",
       "crim    -0.490656  0.140519  0.406203 -0.222599 -0.522173  0.406877 -0.194024  \n",
       "zn       0.592013 -0.187620 -0.109459 -0.323917  0.141986 -0.384008  0.334885  \n",
       "indus   -0.594800  0.018118  0.437328  0.101026 -0.311502  0.512586 -0.365981  \n",
       "chas    -0.153217  0.087686 -0.029835 -0.133981 -0.054426  0.062915  0.085798  \n",
       "nox     -0.719072  0.138287  0.394700 -0.188388 -0.427552  0.488516 -0.247384  \n",
       "rm       0.095919  0.094140 -0.204730 -0.328928  0.166340 -0.680006  0.894837  \n",
       "age     -0.681234  0.126482  0.266733  0.049163 -0.229513  0.552882 -0.256284  \n",
       "dis      1.000000 -0.104500 -0.229837  0.023590  0.235331 -0.343134  0.047454  \n",
       "rad     -0.104500  1.000000  0.229822 -0.023634 -0.060212 -0.026626  0.066628  \n",
       "tax     -0.229837  0.229822  1.000000 -0.011439 -0.270342  0.240023 -0.286039  \n",
       "ptratio  0.023590 -0.023634 -0.011439  1.000000  0.109199  0.214381 -0.441516  \n",
       "black    0.235331 -0.060212 -0.270342  0.109199  1.000000 -0.228561  0.202029  \n",
       "lstat   -0.343134 -0.026626  0.240023  0.214381 -0.228561  1.000000 -0.673181  \n",
       "medv     0.047454  0.066628 -0.286039 -0.441516  0.202029 -0.673181  1.000000  "
      ]
     },
     "execution_count": 8,
     "metadata": {},
     "output_type": "execute_result"
    }
   ],
   "source": [
    "df_train.corr()"
   ]
  },
  {
   "cell_type": "code",
   "execution_count": 9,
   "metadata": {},
   "outputs": [
    {
     "data": {
      "text/plain": [
       "<seaborn.axisgrid.PairGrid at 0x7ffb5797fc10>"
      ]
     },
     "execution_count": 9,
     "metadata": {},
     "output_type": "execute_result"
    },
    {
     "data": {
